怪物DB数据
怪物DB数据
盛大怪物DB数据（Mon30以后不适用本引擎）
Mon1
卫士;11;12;0;99;0;100;1;9999;0;100;100;200;200;200;200;200;200;500;1;0;4000;
森林雪人;83;10;1;16;0;0;36;36;0;2;0;7;10;0;0;12;6;1500;1;0;2500;
带刀护卫;11;24;2;99;0;1;1;9999;0;200;200;150;150;200;200;200;200;1500;1;0;2000;
足球;81;9;3;18;0;0;2000;2500;0;200;200;0;0;0;0;25;35;1500;1;0;1500;
Mon2
食人花;85;13;10;20;0;0;28;28;0;2;0;6;9;0;0;14;9;1500;1;0;2500;
雪球;85;13;11;20;0;0;28;28;0;2;0;6;9;0;0;14;9;1500;1;0;2500;
Mon3
骷髅;86;14;20;18;1;0;90;90;0;0;0;7;10;0;0;13;8;1500;1;0;2500;
掷斧骷髅;87;15;21;18;1;0;90;90;0;0;0;4;9;0;0;12;9;1500;1;0;2500;
骷髅战士;88;14;22;19;1;0;105;105;0;0;0;2;15;0;0;13;9;1500;1;0;2500;
骷髅战将;89;14;23;20;1;0;110;110;0;2;1;7;13;0;0;15;9;1200;1;0;2300;
洞蛆;90;16;24;21;0;100;65;65;0;0;0;6;8;0;0;12;10;1000;1;0;2500;
多钩猫;81;17;25;13;0;0;30;30;0;0;0;2;4;0;0;7;5;1500;1;0;2500;
钉耙猫;81;17;26;13;0;0;32;32;0;0;0;2;4;0;0;7;5;1500;1;0;2500;
稻草人;83;18;27;10;1;0;25;25;0;0;0;1;2;0;0;8;5;1500;1;0;2500;
暗黑战士;93;22;28;26;0;0;165;165;0;3;2;9;16;0;0;15;13;900;1;0;2500;
粪虫;106;52;29;26;1;100;155;155;0;3;2;9;17;0;0;15;11;1500;1;0;2500;
Mon4
沃玛战士;97;19;30;30;1;0;265;265;0;3;2;14;28;0;0;15;12;1000;1;0;2000;
火焰沃玛;97;20;31;31;1;0;340;340;0;0;0;14;26;0;0;20;13;800;1;0;1700;
沃玛勇士;97;19;32;30;1;0;285;285;0;3;2;16;28;0;0;15;12;1000;1;0;2000;
沃玛战将;97;19;33;30;1;0;285;285;0;3;2;15;29;0;0;15;12;1000;1;0;2000;
沃玛教主;92;21;34;60;1;100;2200;2200;0;17;17;35;60;0;0;30;20;800;1;0;1500;
红蛇;81;19;36;17;0;0;50;50;0;0;2;7;12;0;0;15;11;1200;1;0;2500;
变异骷髅;100;23;37;20;1;0;60;60;0;8;10;8;15;0;0;15;15;1200;1;0;2500;
虎蛇;81;19;38;18;0;0;53;53;0;0;2;10;11;0;0;15;11;1200;1;0;2500;
楔蛾;105;52;39;32;0;100;220;220;0;0;5;13;18;0;0;15;12;600;1;0;2500;
Mon5
僵尸;94;40;40;25;1;30;155;155;0;0;0;12;16;0;0;13;11;2000;1;0;3000;
角蝇;103;43;41;30;0;0;200;200;0;0;6;0;0;0;0;1;1;1200;1;0;2500;
蝙蝠;81;31;42;5;0;0;5;3;0;0;0;0;22;0;0;5;18;1200;1;0;2500;
羊;52;19;43;13;0;0;20;20;0;0;0;1;3;0;0;10;7;1400;1;0;3000;
猎鹰;81;19;44;16;0;0;38;38;0;0;0;7;10;0;0;40;13;1200;1;0;2500;
盔甲虫;81;19;45;16;0;0;50;50;0;0;0;4;10;0;0;12;7;1200;1;0;2500;
大老鼠;81;19;46;24;1;10;385;385;0;3;5;12;23;0;0;15;12;1200;1;0;2500;
祖玛弓箭手;104;45;47;40;1;40;385;385;0;10;10;12;18;0;0;15;13;1000;1;0;2000;
沙虫;82;19;48;16;0;0;50;50;0;2;1;6;9;0;0;15;12;1000;1;0;2300;
威思而小虫;82;19;49;17;0;0;54;54;0;0;0;8;11;0;0;15;13;1000;1;0;2300;
Mon6
僵尸1;95;41;50;25;1;0;155;155;0;2;1;8;17;0;0;15;11;2000;1;0;3000;
僵尸2;95;41;51;25;1;0;155;155;0;2;1;8;17;0;0;15;11;2000;1;0;3000;
僵尸3;95;41;52;25;1;0;155;155;0;2;1;8;17;0;0;15;11;2000;1;0;3000;
僵尸4;95;41;53;25;1;0;155;155;0;2;1;8;17;0;0;15;11;2000;1;0;3000;
Mon7
祖玛雕像;101;47;61;42;1;0;450;495;0;12;12;20;32;0;0;17;15;900;1;0;2000;
祖玛卫士;101;47;62;43;1;0;480;495;0;15;15;22;34;0;0;17;15;700;1;0;2000;
祖玛教主;102;49;63;60;1;1;3000;3000;0;20;20;40;65;0;0;32;30;300;1;0;1000;
Mon8
狼;53;19;70;16;0;0;48;48;0;0;0;6;8;0;0;13;10;1200;1;0;2500;
弓箭手;112;45;71;99;0;0;1;2000;0;20;20;15;30;0;0;18;15;500;1;0;1200;
虎卫;100;19;72;10;0;0;250;400;0;20;15;30;40;0;0;18;15;500;1;0;1800;
蜈蚣;81;19;73;26;0;0;230;230;0;0;5;12;18;0;0;15;13;1500;1;0;2000;
黑色恶蛆;81;19;74;28;0;0;180;230;0;5;0;10;15;0;0;15;13;500;1;0;1500;
Mon9
山洞蝙蝠;81;19;80;20;0;0;25;25;0;2;0;4;6;0;0;25;11;1200;1;0;2500;
跳跳蜂;81;19;81;26;0;0;210;200;0;3;3;12;18;0;0;15;13;1500;1;0;2000;
巨型蠕虫;81;19;82;26;0;0;230;200;0;3;3;15;18;0;0;15;13;1200;1;0;2000;
蝎子;84;32;83;18;0;0;45;45;0;2;0;7;16;0;0;15;10;1200;1;0;2500;
Mon10
多角虫;81;19;90;16;0;0;32;52;0;0;0;7;8;0;0;13;10;1300;1;0;2500;
巨型多角虫;81;19;91;27;0;1;200;250;0;0;0;7;15;0;0;13;12;1000;1;0;2500;
双头血魔;81;21;92;55;1;1;4000;5000;0;40;10;80;150;0;0;20;30;500;5;1200;1500;
双头金刚;81;21;93;50;1;1;4000;5000;0;5;50;100;100;0;0;25;30;500;5;1200;1500;
Mon11
半兽人;83;19;100;15;0;0;25;30;0;1;0;4;9;0;0;15;6;1500;1;0;2500;
半兽战士;81;19;101;22;0;0;90;100;0;3;1;5;12;0;0;15;10;1500;1;0;2000;
半兽勇士;81;19;102;28;0;1;300;300;0;0;0;15;32;0;0;15;13;1500;1;0;1500;
虹魔猪卫;81;19;103;60;1;0;2000;1500;0;20;20;40;60;0;0;25;17;800;1;0;1800;
Mon12
红野猪;81;19;110;32;0;0;320;330;0;0;8;18;25;0;0;15;13;1200;1;0;2000;
黑野猪;81;19;111;35;0;0;380;310;0;10;0;20;26;0;0;15;13;800;1;0;2000;
白野猪;81;19;112;50;1;0;1600;1000;0;15;15;30;55;0;0;25;17;800;1;0;1800;
月魔蜘蛛;105;19;113;52;1;100;700;850;0;12;28;27;27;0;0;20;50;500;4;1200;2000;
钢牙蜘蛛;81;19;114;53;1;0;700;800;0;13;33;35;50;0;0;17;20;1000;1;0;1500;
血巨人;81;19;115;55;1;1;1000;1200;0;15;30;35;70;0;0;20;17;500;4;2000;2000;
血金刚;81;19;116;56;1;1;1500;900;0;12;16;29;49;0;0;22;18;700;1;0;1500;
花吻蜘蛛;81;19;117;54;1;1;680;750;0;12;27;20;60;0;0;25;17;1000;1;0;2000;
黑锷蜘蛛;81;19;118;53;1;0;900;1200;0;11;30;15;75;0;0;17;17;500;4;2000;2000;
天狼蜘蛛;81;19;119;43;1;0;500;500;0;8;20;22;34;0;0;17;15;500;3;2000;1800;
Mon13
钳虫;81;19;120;31;0;0;250;270;0;5;7;15;25;0;0;15;13;1500;1;0;1800;
邪恶钳虫;81;19;121;60;0;1;1400;1000;0;20;10;22;45;0;0;15;17;700;1;0;1800;
幽冥教主;81;62;122;60;1;0;1000;4000;0;20;20;40;75;0;0;15;25;500;1;0;1800;
Mon14
蝎蛇;81;19;130;35;1;0;360;330;0;5;3;22;28;0;0;15;13;600;1;0;2000;
赤月恶魔;115;34;131;60;1;1;5000;5000;0;18;30;50;85;0;0;25;25;0;1;0;2000;
幻影蜘蛛;116;35;132;53;1;0;900;1200;0;10;23;0;0;0;0;1;1;0;1;0;2200;
爆裂蜘蛛;117;36;133;52;0;1;7;10;0;0;0;30;30;0;0;30;30;500;1;0;0;
Mon15
触龙神;107;33;140;60;0;1;2200;1000;0;0;200;15;30;0;0;15;15;1000;1;0;2000;
千年树妖;115;34;141;60;1;1;2000;1800;0;10;10;20;60;0;0;25;25;0;1;0;2000;
恶灵僵尸;81;19;142;28;1;0;380;180;0;1;3;10;20;0;0;15;15;2000;1;0;2500;
恶灵尸王;81;19;143;35;1;0;920;500;0;4;8;17;45;0;0;18;15;1500;1;0;2000;
Mon16
骷髅精灵;89;14;150;40;1;1;600;500;0;5;4;7;24;0;0;15;14;1200;1;0;2000;
沃玛卫士;97;19;151;50;1;0;1200;1000;0;8;8;22;42;0;0;20;17;800;1;0;1500;
尸王;81;19;152;40;1;1;800;500;0;3;3;18;36;0;0;15;15;1500;1;0;2800;
Mon17
鸡;51;11;160;5;0;0;5;5;0;0;0;1;1;0;0;10;3;1400;1;0;3000;
鹿;52;11;161;12;0;0;15;15;0;0;0;2;4;0;0;12;4;1400;1;0;3000;
蛤蟆;83;19;162;12;0;0;15;20;0;0;0;0;5;0;0;13;6;1500;1;0;2500;
毒蜘蛛;82;19;163;16;0;0;42;42;0;2;1;6;9;0;0;15;8;900;1;0;2500;
邪恶毒蛇;81;19;164;50;1;1;1800;1100;0;20;20;30;55;0;0;25;17;800;1;0;1800;
宝箱;107;19;166;16;0;0;420;300;0;0;0;30;60;0;0;15;8;900;1;0;2500;
Mon18
神兽;113;54;170;32;1;0;1;100;0;30;6;4;15;0;0;50;30;500;2;0;300;
神兽1;114;55;171;32;1;100;1;300;0;30;10;45;50;150;150;30;300;300;2;0;300;
月灵;108;100;172;47;0;1000;1;360;0;8;8;30;150;80;80;20;20;300;1;0;900;
Mon19
虹魔蝎卫;81;60;180;60;1;1;2500;2000;0;25;25;45;65;0;0;25;17;800;1;0;1800;
虹魔猪卫;81;61;181;60;1;0;2000;1500;0;20;20;40;60;0;0;25;17;800;1;0;1800;
虹魔教主;81;62;182;60;1;1;5000;5000;0;25;30;60;100;0;0;20;30;1000;2;0;1500;
魔龙血蛙;81;19;183;41;0;1;800;800;0;30;23;20;32;0;0;15;17;800;1;0;1500;
魔龙邪眼;95;19;184;65;0;1;800;800;0;30;23;20;40;0;0;15;17;500;1;0;1200;
魔龙邪眼1;95;19;185;65;0;1;800;800;0;30;23;20;40;0;0;15;17;500;1;0;1200;
魔龙刺蛙;81;19;186;65;0;1;1000;1000;0;30;23;20;25;0;0;15;13;500;1;0;1200;
魔龙刺蛙1;81;19;187;65;0;1;1000;1000;0;23;30;20;25;0;0;15;13;500;1;0;1200;
Mon20
恶灵僵尸;81;64;190;28;1;0;190;180;0;1;3;10;20;0;0;15;15;2000;1;0;2500;
恶灵尸王;81;65;191;35;1;0;460;500;0;4;8;17;45;0;0;18;15;1500;1;0;2000;
骷髅锤兵;81;66;192;35;1;0;450;390;0;6;9;24;35;0;0;15;13;700;1;0;1800;
骷髅长枪兵;81;67;193;32;1;0;380;390;0;0;12;20;30;0;0;15;13;1300;1;0;2000;
骷髅刀斧手;81;67;194;35;1;0;420;440;0;9;0;24;31;0;0;15;13;1300;1;0;1800;
骷髅弓箭手;104;45;195;32;1;1;240;190;0;0;0;12;28;0;0;20;20;1000;1;0;2000;